1840823674
4342295371
20824381585
22590962753
10645601243
28966963935
21937882018
18978682846
16055282014
10919412888
2484402041
23338543706
999352638
12839808896
48759367723
1551552579
8159519847
3670026734
10877360981
3207122228
13183578545
3263509655
2803076400
10127447728
22709024560
22396969156
21850909979
27170319782
7298551857
46538220127
27626893645
7568150682
26981189867
12279043262
2223443199
34127566649
41930151578
9805207599
101390226
7874324146
1969635804
1602877126
10737070866
50113127473
1896665933
9738487213
9974924195
34446568534
63702532975
21617295899
24634682033
45831448851
29096758118
454978076
38526531942
2603854957
5398149003
31116727949
3674281422
5721105934
4077804770
19327334461
20147901794
32040897706
2660086900
40921752578
36765914510
16564512511
14638061835
30172552634
62826391135
21075481026
27670625513
2301578670
1803708941
6740390916
10102847573
6493642009
27447270516
26902914637
8321311627
11479655401
18945881970
15165840808
26641006690
5585564216
14259894715
10531749728
28238637816
8520321300
11313895715
19581286317
3318366031
1657951641
45132429063
25327307373
9195882405
34607304588
24489643399
18035860703
5982239346
15889165662
5379840371
4725502837
48166840184
43709977761
19609855953
1437033588
44719187843
8675386592
4395640243
4614309104
30996180409
24554788216
9883006147
6839945173
4753367862
142649285
28474853226
29128873686
46089967911
5981745799
20641084813
12276428431
1767340578
2446440361
9997338859
9971149125
46910229507
16472941881
3007718954
7656522768
4392934249
15747009032
30806767849
19718291849
16330461973
23547152549
14382890787
5618248544
1959346003
63005365107
27959627293
25928388443
10670703379
1506433538
23658607600
3024443774
276119828
50346502162
9043706425
1642294782
29254846029
21467213389
604334814
34538429794
12368981985
31885236116
3896295455
10891069577
10681287194
42227056710
30544916912
12747138456
8957936217
57058136105
21981298129
26650814125
954509717
3465564695
9492209072
5047973118
29332247178
19676123079
19661602725
69461879
20883648882
7160929054
26466547449
4091834764
698071330
12919872383
2094593665
714145849
1331010962
12480567924
1972167906
14031723278
1931915628
8531283216
23667251171
13241656945
9259597242
21852871558
33457739470
1922516035
4094182406
21830669783
7291583225
11116257423
1164457362
24630071664
3505840117
3959929462
33596089311
2001628195
43757026535
40804415969
10348811428
15154226671
6497667286
30871679644
31157081500
401018393
22890535153
13071090993
5776309280
42519863609
6957158476
10649322889
1108444030
50968080549
23315596095
22034539175
13489486163
11386854181
16341991031
38271435778
272238637
10549582875
19600277983
5770618701
4646421757
22455517042
20668636582
55009840477
49754708104
41798096645
13345447043
31201682710
33130469833
26144971412
3433426793
1084264234
14459978677
25769848755
3808923960
12503429848
40868432583
19522731133
24004550125
3928857923
21427134329
15330557860
22158678221
24734321739
29286661225
11655981760
816734327
9503594879
810310059
58365116491
24239012814
1764048372
29498010198
23438461936
23820267848
2392517251
2772717806
842432693
35206580543
125585419
41830148653
29157603089
42349396540
18521210307
2700356817
35038501391
11203654257
3111874211
48037335484
22020356059
3090115499
5809988082
62878997623
2056842830
668311632
978847974
17457237277
60651354452
44893603576
37108102884
5484500507
37943738768
21365971383
13563429831
11156156824
4626311730
50603792385
59837447112
11466394272
9774774049
6438813810
17834707651
6598599711
1136454257
21138358667
13052328991
39007163326
8070287620
21223364414
10124028703
39700250478
15189699822
9864357321
6489204264
13280358046
18425162148
11222091459
26214804164
962860385
55043845119
32834694369
4744731824
50774928756
5624882134
899530223
24859891842
498435118
10774426505
8558681585
12161708408
17360414139
30449113502
56528109607
8610683110
30816910489
3551058685
48617759274
27237831589
2861874826
11963850180
14043432434
52848634839
27558947753
22615938858
3134787082
34446350986
736106612
3634252276
11841074208
28615746232
10579438263
3155972430
15967508577
21867802897
18358736495
33094583228
36867928879
46705044579
10873904460
8270526348
18456453155
2867095053
53445807637
27645821209
23759474696
1709877037
12349760103
8325271015
22124045068
5526213214
2285572736
24945924674
6431720927
39219232869
14252022728
14253629641
7031500282
36289241677
22311886344
429293467
7136745286
1834685
1987709116
49168449752
791363624
3340560913
1095272798
12384077387
1443194525
3347150534
9177446345
36316586006
38839999557
44376048093
2938125190
5106512463
6266107737
25397802290
30267770917
39239163746
602172980
1249354357
52085559244
7305973694
10908204204
13445825856
3902323453
36303291341
24555835897
9444070967
39985001931
44318257167
6236245538
12865766968
53860504899
17406211708
631458339
5244869521
33580476913
31873668519
1360712998
12636173107
49737048285
17559476473
7932538102
58457257580
27732764725
25343584382
5197738535
15289301728
35322539751
1921477705
43360543375
22244014161
36184905875
9451189179
35852391288
56817066324
47739733860
30273418366
36529448909
11284739373
2996388400
11690772992
35601799782
23899193868
40369575161
3647143317
20128498788
6380313951
27373649019
15777972081
36515079971
45014267379
18439179350
35036659128
6626552265
7062638749
52863169789
42730083154
42659911919
9846285195
164962319
365540372
59006756519
4902428743
31701124492
6402276146
42423634062
38651394722
48059663190
10092219005
21412424937
83373264
40642975468
44432822875
53273357037
3977858562
950151648
6282729510
27596438933
56998753945
9991781750
21981848499
7805956552
13632058507
2958529130
13361074120
6108555021
52115007871
13361958446
32249753978
3040521187
11004964638
255145275
12681742562
7944861556
54823863362
2398031992
25114325179
3851033308
31250450279
20422302894
21225542704
17761440137
48493105239
48356638201
29841394622
45065507024
34013460821
52777605533
21847946377
22314536204
58033615354
9777925256
45595400514
16022232944
31117069337
4516641672
3004839402
43219693349
25345005269
55729580102
5932171560
8150144307
5292019564
13211446218
41392014903
707896136
6886079238
3561153734
7341541483
6241828743
10009539479
61549847887
14203134931
4284808639
9306259677
6211925758
165129267
14990435153
7260403262
31538940066
34521209995
13922494098
44591968136
37873102374
18138395421
5111273824
25082115568
13695868614
2757082045
39239963040
32330982628
632918517
2038998567
22110026579
3649393349
4041746831
17209386896
16337701985
46057229598
7033764108
9539386234
34194222889
24524196882
8343777010
10695857516
3278569364
1973955575
6864959717
1037489550
16609639067
303348261
7185927458
1298094642
27830047712
10402287044
23858171738
15818607479
17471745948
2651328384
6460662900
5848268263
23540970020
42592995380
20492244321
6272913576
12329786174
13999223981
4554790309
46160534287
36480494273
56786656455
14668304448
12984075005
16332987619
17975895407
42771234715
5485226947
2105978157
36059274340
5468875271
23248433228
1161730214
27817320728
23833560239
9096813817
3651403291
9662870223
2467412482
15007453190
12448486262
7060644871
46289233162
10418698706
38573064154
3285488863
36416893842
5448768130
17103284565
22350169534
23786820914
43996936517
12052532435
5893093898
25808687721
200093290
4153548311
15082994195
24817619261
2076990413
49846131339
29950351774
1894107615
34848754
14989694145
4892424704
16426335514
55509125283
17928514487
29840740046
7151158788
3733127108
13128502875
38049831416
7243121899
41370895118
9205761574
26949774992
9300318558
10057988222
3892109002
37205445026
16879865159
1888525777
45903461855
32222647042
32367254487
34074952520
18345908329
10050115390
1144503811
31721685332
31375759988
12781288247
21470333483
57352787750
6613920668
3044782278
56711625237
15720625511
617238308
23758174381
18423902310
15749514174
6508532984
1008226131
2640299335
12584725509
21536964729
9994782754
7869333605
18613628568
40626703302
54587930620
15410949063
1756466928
5166764191
57235879325
40599428238
8364176994
47631998907
3985254638
5113572723
1136592295
4447735043
10470868674
1989547644
4931852891
18318220136
15523706542
17508188369
64102909433
25179769693
34944101396
10137525945
13473649492
1113229797
34442159313
12798519625
51521047479
29859029321
12047570479
8267284036
3964389050
3316572481
19037708544
7402194133
16106193963
3052465232
21185311394
5475433529
3885239113
277971933
656321616
5468525211
7297912372
6128908835
1734231513
25935413864
43253252535
16349435242
4582077152
33108943277
24562381123
36894335993
41901843634
23634224529
49871113264
16076852102
8850672088
21023043158
9697622603
5262040060
22308640554
414390490
16201844829
2567974780
24755015793
41840862650
33466981250
161731619
43400764203
28844349399
14020084051
83792758
31378418365
2202453095
21207902688
8932967062
7632562998
1127021565
29652725758
58056500420
1759649485
54897084482
54467033608
1831863585
13090955804
40899662867
9180332317
842698982
13769325476
30803755245
482802179
1143227167
9224210950
413783102
9510346138
3965751053
15087903719
2093522804
31896690651
18785151962
19918296408
11651608927
30422932197
3695398375
25030656778
5663878146
1182117866
27582554308
52762927
49265637
1565955967
4162938113
37881132492
12187769664
2432051418
36307691393
21495072693
7674023762
34764839322
31696400514
12607640379
13002288793
9575972915
2858993777
17431626728
21324967364
9675345120
7152500184
17230057801
3428222728
7350778584
33584948728
19640593601
15737740584
32148426257
1083274117
28856455301
14015113227
2564169061
7757600607
13494028761
11761866405
38820057714
3274855022
21136753373
16489312520
7380708115
18961669929
22985615357
54983070698
63538377787
49920455723
24033943261
28838404118
2575144209
10226814239
26532417570
42676502230
562720242
53251279624
53653748615
6835343042
14920222046
37656849436
1594535690
54580624840
18017975909
7668802823
8721459676
21772262462
7747444928
7307512858
75189491
35665795108
15952713376
38946768520
6718565104
14623848447
17640511546
7411565947
976451153
47668080103
37332244101
10759051869
1920468599
18272689305
24373639955
10958254202
35320405886
49500486681
34361596754
6004673228
22946153726
1843588754
8687281652
30304862899
5507622210
38875581047
7965673552
22078677452
38130010576
38299733268
38155942920
53653200401
19241328128
10604387798
3130583456
7960469704
3173531051
1677839088
11129169815
431730497
4953620938
16932353655
43899914576
34482642311
50389275279
23619128893
8699245159
39652264801
4997339434
16325484454
9917823074
12074140689
27858988276
12362316098
3269617258
8598566932
3239938488
7966159586
37199256679
16669205441
7870878732
1362174747
36171551754
22091287502
4193115172
4791475976
7434828038
2786537695
378940434
40926136535
48331926374
27920037425
13837417099
5635922219
34030442995
6123961290
21067376965
25761878320
9033854638
4019546912
35853959466
336489712
15424321917
18469625859
8035067471
40920001426
42325644059
11784561781
8930172177
27301221826
5098697410
23102178804
14492510604
6873442829
10874668402
500232990
43545129380
51071389624
19335450607
21521974811
14846371550
37177291390
14300325610
13254133290
15291012356
54129368
1456534198
12977910946
14815377251
15745807576
2652868996
32732542076
9570505626
21440526391
688196788
36420697446
33759171112
3998241592
21920590002
64175983423
3360783934
16243467796
527400422
11298330551
31598838400
30585040990
21402518273
5683747554
26561536655
9223717509
8661720763
21401161317
28428529421
27530651386
11965373381
17909564420
13623494672
23881838568
55979011133
9416768462
29411481380
3944278118
4675763670
17184062193
876098101
36437765460
13220918432
6347102843
15493837884
7415361882
1993413112
21731327410
78345749
6313256224
51287217598
18171688396
13643425965
1677887503
3909196778
6330907809
59987244485
922227058
2804338519
12761088956
15123711829
3149918125
27537140735
15872963482
10837754251
6662022287
23444093069
43111397607
7561949265
5814441898
24957206245
14973271629
16532577475
2609856371
4716745300
19521794962
11407153405
12921736924
8645486578
52860350117
25523701220
22287046759
11794864095
100154586
6643221615
14772288616
45264032882
58114643789
6488906521
85385978
1174882266
13056410815
6868079269
41872639221
9360141276
2270774844
3997715254
4115664776
38322391690
11722634465
1857910326
32109848078
5287754816
10765418041
2660358183
18890813322
1806460139
1934257252
32165912169
17997994198
423046891
8736648434
23241109638
12978206843
1180847238
25557341679
654795629
6506885617
25769978617
13357099959
7710034692
3483913158
3766149771
10623661657
8382991638
4232256190
28745151739
6811882018
35743715148
6237445470
36856709380
2592718001
7806133034
8581753035
30077285951
2402700923
20551367479
26830524937
19902527164
14117883522
46044677418
1650377700
10917361841
10581419414
25344410808
4605723166
7988115307
2036347799
2870333944
2066021333
20630928189
1210195781
12376123978
1179731404
1754982265
1416135351
28964495573
12804488109
3603791928
15375158895
32332488402
10756817894
1722467175
378367298
7947367740
3598916760
611056783
26582283084
7944832703
34943830818
46209645172
4222416723
42146282736
58973996729
52608179533
38798067393
8951560400
18935147146
9376104530
593694233
47682335249
38564544816
26060451496
8800986357
2588088540
1669092130
9196122097
20916264992
14720895250
1817039519
9348909421
6273396508
27486448274
7731637410
22172849872
2885374666
9712761678
385180786
17794406917
37241227087
56317994401
4995002089
47230330450
2096312499
11142459709
236659170
17600315697
19616897001
6253090468
2943280951
3423706584
22240552535
44133587103
5270407988
4976827611
17259987531
8374046806
871471238
3831527999
19803022527
9932090812
3551071932
8770919424
28243178276
2276283333
30761805545
36045409325
19595060830
42098875660
2700043052
6917656206
30528015815
24693680656
10319619850
170264242
10113946910
2578159550
5515656822
40119917766
1701757397
12852643953
3599547831
35667842992
2168610467
25264793894
8467419978
43287487545
4727091280
5328265895
8760122072
14471598471
4711274326
1906807677
18562988359
5175451969
8440957417
2605054032
50022279002
3447945230
5438305218
61221631039
10191980629
930571282
4486702132
1085000439
60536964009
9786004830
5866883561
4496598206
21529154595
7168241963
300208054
1493830394
2647941010
7452355846
16537214930
9362625990
525554876
3015722055
1411725567
43729964825
38973591392
1731375902
7463498755
28203009439
6739101818
25445564143
14132186500
6318998268
38980286044
46364363360
15656687254
1931996834
11874879554
11781631426
224911392
35613866383
1937539320
9056092769
35470823334
10423312523
17825622997
7500049742
35768925655
8653356409
4398437885
5850385696
20973601172
11136949462
705028290
41391557969
52627591580
2774677676
3996919158
1158686160
22343489191
35219693844
46689958621
6524073207
10082956138
15642046729
2553612150
13246906243
51134200579
48635243940
26006717612
11276763443
11041668003
25239644
48455509223
1135287699
13019093184
3514137433
11149978741
16458053984
20938533322
34304300991
13391810514
1805866934
17822402817
10697159464
5731150915
6254636364
28264304629
2820595908
18355097244
13569312390
3729351593
19315461769
16290598975
1078480721
13168655445
5761602798
14741767360
1813418353
29321170132
3766457566
5042608204
2225285443
8616716611
3120768565
9805655231
17872264191
10135829981
15982727753
46604890780
8707949219
43024927238
8181653296
43887078092
591142490
24304589926
37978978328
3353173753
56264889552
7447372366
5370720504
14154217936
5012285949
18900838577
18892130265
4474401321
9935900531
3923751404
10712716873
18437589095
1347781386
20580341166
22064733875
38572615771
3609774879
29935921184
8780734385
20940933005
19927383339
3052698940
6740699727
32101079445
2152619339
17534706601
14840625471
4624944437
17904680511
225551887
14073794246
15180153452
41362584277
24185097522
38034406777
10328496268
51753087364
1351992965
417330779
9040255717
11530867235
46375560572
29711536703
8987495510
28604599557
23938599231
34645871968
40129200885
47033760516
16964332543
17903572293
12866688422
6203455153
26625499198
9409886620
27787010335
25985876313
12095217233
63540919995
15229894432
24536988916
10805419321
4969950554
8508188213
6346954608
21959599357
45480760487
63044277743
34253517623
5141879950
12723235179
24646719938
2560748159
8037267335
4261422071
675678704
3005349806
1081174547
252295192
25244245302
58668671452
1937550552
2659257485
855321677
9862578213
10815840113
1000169113
20385433197
15731547508
6933726066
23945526346
1600676956
377500296
878151664
6478437525
3077814508
6544558123
166785756
1224289908
5566691172
36414320831
9424958346
39636477589
4867120265
1178682269
102404312
4459031014
51213062657
13954278504
23618781946
291109375
53454587617
23045260634
13799095984
12473744244
38749493878
18293074141
7141764957
44459846382
19725377880
33021982194
3835667681
12005292829
30109745930
43509753579
4321432068
18056217937
1744629101
6016513457
29944202035
2848169721
2428595264
13485158410
3918922578
33518797766
45941962700
15623532549
3007674299
1699075884
2717270101
10267276041
17608971053
7716062135
50019520379
37307704325
10930430435
6314628992
1967708123
36184249057
1856914193
7166251632
18983316878
8218699800
35824274502
101179451
8172349596
12111371655
2083223648
12287891394
51188679789
4585038137
18942431008
55916085759
8570599323
3026871656
18962119199
11941635210
573590987
4548426250
45227813444
4467120390
27817736394
41635664121
3806421211
6446741160
51810932395
6879597782
18445964833
10375441044
38000039460
54920948333
1012785565
44376589893
17076632656
27868578344
13521563801
27670119137
22503957152
5143758592
950284655
831706380
2599254076
51513358446
6544404253
37618033271
4349423609
17778006115
58897596637
12231050741
50048666193
45644222995
23192201885
19582985671
8260085507
19036035761
16878928112
7081351277
2080132758
30750239508
22483677559
14376340793
26787171179
1197909017
23948596866
3813890190
1462626246
9611880205
29634829074
6159864383
10419238503
2947221498
42535400475
43645036255
1794625641
23013476212
22919911861
18332930374
9853428536
39520556024
11595838716
26247656790
7938765119
30312504000
34361182975
34038149375
53579460915
38304583678
1949752215
6944470106
26912492465
14191660422
1530140585
44188148418
5045735531
14992698884
37656686985
39395528762
1915973206
35393946565
50514074366
40117089471
348390198
22016028811
5312000704
9172029580
1229356125
148682635
51338971619
25962009480
57528740663
1592811350
17616899440
12162568175
10011738913
31780062059
53756654140
10935333906
2475231361
40738836294
20731745944
8674498273
5413996277
5818432533
946958984
4500978252
10468427959
33630517117
22934953631
6459332101
45317492210
20780017283
47804981071
5913570536
8196467366
9542077264
21660420205
25321089168
13682848537
14422726839
5345528062
22674516258
3858990029
15119672159
35091558359
3795227866
15712244304
30940635385
43606082668
48222056307
14921725553
8060677688
27295219993
5852222536
7662461595
21582647941
48598956765
22616023893
12451535986
12024767998
1428214067
7556517664
32517349650
38797999801
10388184621
5146227118
44768664442
33643608372
44138848698
13065321817
3957166295
1617414212
33303856335
4523907698
39209728128
8677213324
11902581952
7861316045
5866886000
35011423761
936246825
3681590733
55107436908
59929762239
1768949992
5460290352
36771416698
26249094409
4844149657
14380020555
3905303025
20352715337
51314157389
39074965932
2306183799
3052182556
24855893163
43347908892
25636202117
23213396317
9534760026
1839010596
30871189488
5915076292
23703516379
2173222510
12884655680
46954006247
2134250066
5224309744
19906211695
13237024962
22197204714
6143119191
50872806107
8702361617
4974058192
40631289258
855886693
9096255256
15860355432
7721331278
9721622074
9054196700
31116794049
8651985565
6273312911
24362143334
6280251084
10222891594
7896546235
30650829111
36355310867
2917911235
58762832382
3926512548
6224674295
274545970
34543022057
12684442053
430653118
40830026020
9993854274
19983249019
23470423220
19587133645
14241961955
2765006248
940729687
5295397219
13423009763
2721028988
50887224011
4438490193
20986786698
11350355696
5215309187
4622025906
7992857748
5559044668
31735199659
39789038017
15498036033
20329692489
7729028150
8573807543
17814228674
9506878929
16507519784
8986379386
44955502359
37028237592
27177693604
23520092684
3473397216
1530402598
22142534338
19781966448
42007016814
15225519626
2880315430
1825728533
8784630987
1926631568
24867096819
31064159282
42335082439
1268143753
1883926681
21675706155
31954390323
5743135192
9444268500
16153705848
8479010006
34026805175
33834318710
19232536824
14618022362
12682280500
25426814370
17534327934
30017851840
18590613504
57619951980
12445707848
39737397517
10189929816
15251072474
18001354384
23617290290
13204684998
10555896793
14736877719
5491913452
16730417282
52177304313
6727075643
7858588272
43500597690
18280774096
31463958198
303703253
10831245710
4493893668
2567968997
40665949758
26667722119
24045889911
12850967328
5064063041
47168427947
2148595007
3900813421
4919664714
36588883355
42829964466
4939649404
1283072429
35858420791
33471558277
39845802812
9046281655
13596323846
13205000508
14999722458
2106579972
11795960514
51383305926
673480713
23976962024
2622665805
10019092371
3871516637
445802395
3587422557
29002187775
3325373278
14486543850
43900037199
27053314429
776164712
23931557249
17410158341
13885746483
6007799730
20979827881
6595157856
34412511168
19219659529
31565480
594469419
16643162111
3985609117
12634606466
6392024
47247119326
7464592806
47786505427
3750354760
17362685329
6245528321
2642646651
14973304194
49229586428
29286514346
8141181350
47170973989
5475770946
7791793975
23554115265
19508105804
30379798936
42647079057
5193442252
2394614923
49849252937
37898039420
43475141775
7005301276
14599021306
8165663865
8564004305
12544535781
35052724151
1587232550
64191665695
19796825900
2409721206
25001702
7566440699
12843299467
154664773
3663488013
590977424
20908257145
2419324890
18727305796
24826165874
12457262451
16260359777
44914083255
5298876327
15834453557
12967759971
5699326877
43075126162
5567853728
33443408211
21529207681
5679287894
5127466125
35490684830
21210281497
6979063609
22693683755
53163559403
53817943388
13809467569
14981947976
6861035693
29497005583
5734722023
14607329631
4375700998
11161273325
19130715581
15606177908
47165682938
4643592289
15644621942
40107492835
32516646745
6837018257
24585153615
3727899818
8200835912
24594710656
9873323556
45477090592
11301025348
19486456734
41486914037
56173599232
11237546412
7701961811
7751113557
34130907516
38810426326
15145225460
4733260518
18442807159
9834560409
1806742053
4915898431
45873822295
21370353566
29942768189
18934993123
40681346683
8778407554
5482386685
33851798151
48926805673
8745589791
12099153934
56205587827
12777387234
17319266672
22609734308
26568952955
7584036267
7208662325
21618746501
53000252311
11701021490
37068474164
10805058292
23389243256
16934304821
5808752529
24053303111
3339112620
31368251586
31655316898
11506103961
13499824924
762012994
10660131671
48137617870
22449968712
6283725865
46727212010
10078586486
18864357588
11055163125
2572396744
32622755272
11610535768
21543673404
565896150
2679834602
3027123333
5925158025
2546638185
12403167978
31870453431
36252876007
53855135315
5008916948
7012652774
20509125503
37667103596
17342465157
29235405962
6694376646
16073508381
24899136054
3243920185
33691565843
8882697118
5387420016
4716470895
5660658649
33849513612
228862959
25313320515
34160230486
61725683284
28344211363
19189381384
6299413399
2067080961
1438510658
36268646408
23084730859
595959225
6838094892
4306681199
25812270720
31738383659
8496884547
2365987151
26073975951
25669389425
15907431572
36955129890
25765288053
53221590301
381940161
20412008128
15084563462
27883956197
2634200025
7186223121
41189590181
19142476590
9996580706
1211893321
1632893739
57858127421
3769904130
1163121275
41082206507
40405651950
5656822864
17039922437
47740726056
2079813739
20573870214
17048724259
1661339948
42071867578
4347269281
10929525177
2329228922
19520651587
48790049847
13621029974
4648002612
16939952182
15104006791
1700043124
3954433416
43268590022
11095960867
7741304127
14816853996
40310562359
6971013447
27942027708
9967628945
12599907324
8908274226
3438155348
42344445528
297915684
19419225689
11482303304
9713174336
38491659282
37194757864
14319567433
51675187123
6172390590
14335115720
6696241143
33331071340
352340148
3758225874
5998721846
9099508741
521238994
7598304221
40377201400
33463438894
13152466743
18638807163
2971123503
671585362
2349684403
290785882
36266679766
30341348784
14734645458
35285042541
201259390
56250457158
58248033435
13429418714
63330109898
48978982372
51201371119
34378574431
55987808725
24257152520
13603829936
5828734997
43852412368
642064947
433047894
12381683
5152481030
899881521
16960487291
31019285013
846004800
26325555483
3803325524
2124099477
28416130871
37603544374
9449475124
24301538003
694868351
44796473542
2181420201
32603457066
9105683480
47624070601
17756580337
55210104402
15593906719
34945973868
4140065433
6830100973
2400552571
30321334909
11272452969
17881668833
757824998
14332426094
46330545670
14733471573
46084251
11323708061
50895971405
55490227548
26577226950
8786516905
28566775206
3840522363
5404559182
43242964288
2268087293
2873383553
270749976
40320863679
21477622758
2108789485
3464478279
3313725340
42621311238
488429914
46136697312
17503099052
8482969810
46141223654
997226409
1819462555
13631602209
974863286
30593533549
8729691220
1575385826
20662226202
22633940829
43535555281
18772265953
29335702486
6117264471
9727120827
15271703210
31220225048
3785536348
48856896594
6474424435
240370108
21174972971
42998062696
24605442996
7529932321
29143193422
58812443204
15609980287
3700401430
6515280005
19568400303
18980936821
28415833999
2634598736
24207542
1593515444
7494371842
2911599778
7146861577
22103149533
37445010864
2788897186
4409961272
6906660234
14573255597
9031008733
392269636
5555119472
10783687189
7360962315
34927573827
1296441317
22319781961
19767608479
577540583
1440035506
43759883917
59469091716
34560696654
18145912819
1476816011
28794945668
13090492141
14466520477
663066756
12747738595
38366885587
17210172557
18536545151
1406618462
322996196
1167383672
39419794941
8614324418
34515196283
5955070212
39082357360
6809126578
961613302
10906392954
33375262064
55524151849
708093601
54264424638
10211691285
9387446309
23103419672
27068794805
34403133122
1819277910
5802698631
8374107870
52624045105
9958400143
34352235478
8237708731
48268776276
7874737698
3636046625
18023291768
34080976540
12374244846
5667652653
8100843929
41353775777
11547143446
12605518871
19249578777
350429298
7029087226
13370546737
16512211933
7282567785
59090007931
49112895727
43082203993
19308123787
4226043011
9455632993
793190618
35097812455
21532298429
28367052234
21389625647
4209848122
55563783700
6289783762
51735623528
62844424139
14407034216
22848147065
28908713355
4155918012
40651211971
1350207934
26842210599
14487753163
32306198995
2402211592
19276965312
33376246746
12650827225
18120837158
8202728446
6297707329
7700261539
19470418804
27664776489
506302130
3196896937
346303211
12059664813
10674695962
30272857902
41831355568
25538154967
22081308779
30651719018
21341526843
13622220410
26958938216
39829918442
15409319031
624294850
9324576887
20539338401
10475199573
9521130310
7607509445
6507527911
18269474691
30286843439
9686294551
28894292927
6327402147
45582702591
10000109009
14244539706
30511393469
1090465685
16728588320
43321245147
7600613385
501643888
15993452391
3178688087
43513172554
19740302304
2240834307
32251477034
9108661099
15471876495
39526116344
20355739057
32952491404
39178045895
19276311092
31629886699
62723315122
2530347239
12908741881
21010349799
2753942346
44745854952
26372192715
22026523565
41953014579
2850066991
38017878005
18192256606
22884411322
21570155627
47997199176
35183994329
4240980602
39024724590
1535899805
21158557219
14916654567
11594081
53050021673
3470223086
2702025593
9742889558
9344530958
51889473329
2888154127
35993475287
7168119817
14729576208
47918503925
399695458
75948174
2138198142
18953168113
3964614889
36347392919
25749011685
27575812443
13101140236
15245624826
20798426548
9584514515
2893125629
25314433881
11324308579
1005413698
731071278
18485571826
26618377072
25091645749
4933705252
28928742032
37717402141
32429971670
56200175898
4682770341
22409108903
32549185054
7045925632
12157506934
33391538424
4908226044
551599587
4775985720
6387059963
11789547162
40912249555
24649598758
9855213336
813113315
12150885862
32941679267
30915685576
16170344940
32273038279
1624524190
27800576036
13999755434
122902355
25375832795
46729427111
3806188934
12833680198
9400859497
217928250
53316634054
7644378715
1235367830
568663956
929767878
34315481418
31147351387
24160561356
11189652050
35872917654
1339356624
4430450098
8740238443
13740940871
44217485341
11971893094
4588720695
839053955
3066790570
22306074536
29213529384
10674079188
3868879321
8823281722
21685404238
16864677038
2312833052
40832988857
25156004813
12952051625
11987754351
3620748705
33621787881
5807637850
5980555565
35299692531
15086758208
25387174317
3894831097
6504042762
29407827997
50034993514
8414903207
8575402289
8823864506
8554473356
3210030240
63291516262
3213005722
7766977753
5010494522
22855321974
37740944263
7477332262
20928849167
5788814667
7322451651
29254688625
47229042949
31873547915
7672650827
5221838189
60228898802
13003439011
5853039257
50612906
11922779476
54850874335
18427642928
1654673166
14328875774
11839247378
14266288470
16536490455
48337576705
55259718668
13224767420
22071969086
29176684486
4502864414
1529304040
11836385228
7487121976
52379965660
49504624954
16714559374
3955143123
418248474
1660596278
31157725619
17565220340
30689735
8666282459
40629444600
24949307225
50710435914
28492947357
4175234278
15980230453
15306248194
1618660493
6584413338
586984814
4914037326
28904323339
1060476499
1812790941
29656596859
13116573642
8534892271
10104502449
24655811217
41660032306
3115966155
33509985776
27858865769
1376051769
38003708507
33969773081
8583577007
3769220392
4477285384
21223026712
12922657345
910866363
2051298385
61190565939
33780582820
15126509561
610854272
3127129707
2739882683
26362494368
476491675
30650781679
53112068586
9208517850
17393230585
7326543855
7556741027
9041579978
6118043802
36540287985
380122974
9406862867
4919984282
41076922281
137093220
17380823021
829542005
30773899184
63536259953
12941000520
14053880455
22099236935
17682040085
31948289832
47786541718
52876404243
29340370005
26084137338
55570236609
39904921574
64903068387
49959313101
1668930693
36980503881
34179262960
42597820828
1276120459
406334241
39178673310
25695143179
25510758049
40357655233
45296008696
13844522189
17041747725
1351939799
12514694442
10741669022
14392095851
7117743413
7255711371
50490948502
6793304571
607577812
4190966527
3530331434
1009252255
16481909719
13055712473
49667159435
21248240483
9028269830
43383605674
62067675246
5203075544
38335020382
11478712722
3091905327
25209977043
959060409
516554006
24765843633
12279447105
20858800246
5502396108
7755351316
7953282699
6075632987
65947784376
4384750489
29930311690
15503700672
9623517532
61577968013
56294663611
1245079323
5517573551
253065555
174882627
48541045416
17874740218
11775585041
2364116098
1832685990
42543734377
31791610314
9808767075
34711394158
45382144592
3258529085
29271572600
2164605229
38973230470
35357936516
667621725
47764875815
4357792328
10868767374
44406863185
39255052900
8011164422
4507694949
50800378
8121644594
46417297123
31587616261
52864321946
1601273347
5285106370
4856196213
27025137820
14486144789
9708715065
18779312464
17039941401
9169164770
6241476555
15584598311
24644051909
13603575590
473976578
13658800072
22364209872
35001536798
8519109140
46611422403
7178082033
554585343
531506986
24387598218
28633871084
1164722028
21698927617
6986076741
479919936
7210996923
31290848594
1227978385
13001063896
21371218290
32432090406
928416199
21761938758
4131507321
18762901500
16906509832
46942772594
26432479184
62526288296
6346543022
8677995412
39132254449
3924187883
36474860480
1812038018
17524891922
14447210374
13653205101
7884352356
44041106254
53691515887
14731861341
853436775
5599503193
63714740177
21820012303
3050584941
9159743184
32754726320
23199583073
4717927030
35195044876
5996747835
8121725672
11263552617
49997681676
21098409227
9635604291
9237726057
60001303664
4548789040
4169889139
8380384056
1449363637
19838695371
19260286211
33884000851
2616036904
1304640038
6394803667
4448758498
3751677132
2710805367
16510457915
8036848905
31901381915
485861818
3774476581
496633749
17022364254
22786765274
9504859612
19859842621
22549463418
4862868823
9621335507
15901319532
40530603203
1040928307
15334474420
647301537
13533266257
15831533425
9834902673
440772975
46914025540
31487211983
1656896637
17278600873
29146489907
537978587
554346405
25278985922
1334824453
15225541723
21652448831
10638110748
61761931157
