1840823674
4342295371
20824381585
22590962753
10645601243
28966963935
21937882018
18978682846
16055282014
10919412888
2484402041
23338543706
999352638
12839808896
48759367723
1551552579
8159519847
3670026734
10877360981
3207122228
13183578545
3263509655
2803076400
10127447728
22709024560
22396969156
21850909979
27170319782
7298551857
46538220127
27626893645
7568150682
26981189867
12279043262
2223443199
34127566649
41930151578
9805207599
101390226
7874324146
1969635804
1602877126
10737070866
50113127473
1896665933
9738487213
9974924195
34446568534
63702532975
21617295899
24634682033
45831448851
29096758118
454978076
38526531942
2603854957
5398149003
31116727949
3674281422
5721105934
4077804770
19327334461
20147901794
32040897706
2660086900
40921752578
36765914510
16564512511
14638061835
30172552634
62826391135
21075481026
27670625513
2301578670
1803708941
6740390916
10102847573
6493642009
27447270516
26902914637
8321311627
11479655401
18945881970
15165840808
26641006690
5585564216
14259894715
10531749728
28238637816
8520321300
11313895715
19581286317
3318366031
1657951641
45132429063
25327307373
9195882405
34607304588
24489643399
18035860703
5982239346
15889165662
5379840371
4725502837
48166840184
43709977761
19609855953
1437033588
44719187843
8675386592
4395640243
4614309104
30996180409
24554788216
9883006147
6839945173
4753367862
142649285
28474853226
29128873686
46089967911
5981745799
20641084813
12276428431
1767340578
2446440361
9997338859
9971149125
46910229507
16472941881
3007718954
7656522768
4392934249
15747009032
30806767849
19718291849
16330461973
23547152549
14382890787
5618248544
1959346003
63005365107
27959627293
25928388443
10670703379
1506433538
23658607600
3024443774
276119828
50346502162
9043706425
1642294782
29254846029
21467213389
604334814
34538429794
12368981985
31885236116
3896295455
10891069577
10681287194
42227056710
30544916912
12747138456
8957936217
57058136105
21981298129
26650814125
954509717
3465564695
9492209072
5047973118
29332247178
19676123079
19661602725
69461879
20883648882
7160929054
26466547449
4091834764
698071330
12919872383
2094593665
714145849
1331010962
12480567924
1972167906
14031723278
1931915628
8531283216
23667251171
13241656945
9259597242
21852871558
33457739470
1922516035
4094182406
21830669783
7291583225
11116257423
1164457362
24630071664
3505840117
3959929462
33596089311
2001628195
43757026535
40804415969
10348811428
15154226671
6497667286
30871679644
31157081500
401018393
22890535153
13071090993
5776309280
42519863609
6957158476
10649322889
1108444030
50968080549
23315596095
22034539175
13489486163
11386854181
16341991031
38271435778
272238637
10549582875
19600277983
5770618701
4646421757
22455517042
20668636582
55009840477
49754708104
41798096645
13345447043
31201682710
33130469833
26144971412
3433426793
1084264234
14459978677
25769848755
3808923960
12503429848
40868432583
19522731133
24004550125
3928857923
21427134329
15330557860
22158678221
24734321739
29286661225
11655981760
816734327
9503594879
810310059
58365116491
24239012814
1764048372
29498010198
23438461936
23820267848
2392517251
2772717806
842432693
35206580543
125585419
41830148653
29157603089
42349396540
18521210307
2700356817
35038501391
11203654257
3111874211
48037335484
22020356059
3090115499
5809988082
62878997623
2056842830
668311632
978847974
17457237277
60651354452
44893603576
37108102884
5484500507
37943738768
21365971383
13563429831
11156156824
4626311730
50603792385
59837447112
11466394272
9774774049
6438813810
17834707651
6598599711
1136454257
21138358667
13052328991
39007163326
8070287620
21223364414
10124028703
39700250478
15189699822
9864357321
6489204264
13280358046
18425162148
11222091459
26214804164
962860385
55043845119
32834694369
4744731824
50774928756
5624882134
899530223
24859891842
498435118
10774426505
8558681585
12161708408
17360414139
30449113502
56528109607
8610683110
30816910489
3551058685
48617759274
27237831589
2861874826
11963850180
14043432434
52848634839
27558947753
22615938858
3134787082
34446350986
736106612
3634252276
11841074208
28615746232
10579438263
3155972430
15967508577
21867802897
18358736495
33094583228
36867928879
46705044579
10873904460
8270526348
18456453155
2867095053
53445807637
27645821209
23759474696
1709877037
12349760103
8325271015
22124045068
5526213214
2285572736
24945924674
6431720927
39219232869
14252022728
14253629641
7031500282
36289241677
22311886344
429293467
7136745286
1834685
1987709116
49168449752
791363624
3340560913
1095272798
12384077387
1443194525
3347150534
9177446345
36316586006
38839999557
44376048093
2938125190
5106512463
6266107737
25397802290
30267770917
39239163746
602172980
1249354357
52085559244
7305973694
10908204204
13445825856
3902323453
36303291341
24555835897
9444070967
39985001931
44318257167
6236245538
12865766968
53860504899
17406211708
631458339
5244869521
33580476913
31873668519
1360712998
12636173107
49737048285
17559476473
7932538102
58457257580
27732764725
25343584382
5197738535
15289301728
35322539751
1921477705
43360543375
22244014161
36184905875
9451189179
35852391288
56817066324
47739733860
30273418366
36529448909
11284739373
2996388400
11690772992
35601799782
23899193868
40369575161
3647143317
20128498788
6380313951
27373649019
15777972081
36515079971
45014267379
18439179350
35036659128
6626552265
7062638749
52863169789
42730083154
42659911919
9846285195
164962319
365540372
59006756519
4902428743
31701124492
6402276146
42423634062
38651394722
48059663190
10092219005
21412424937
83373264
40642975468
44432822875
53273357037
3977858562
950151648
6282729510
27596438933
56998753945
9991781750
21981848499
7805956552
13632058507
2958529130
13361074120
6108555021
52115007871
13361958446
32249753978
3040521187
11004964638
255145275
12681742562
7944861556
54823863362
2398031992
25114325179
3851033308
31250450279
20422302894
21225542704
17761440137
48493105239
48356638201
29841394622
45065507024
34013460821
52777605533
21847946377
22314536204
58033615354
9777925256
45595400514
16022232944
31117069337
4516641672
3004839402
43219693349
25345005269
55729580102
5932171560
8150144307
5292019564
13211446218
41392014903
707896136
6886079238
3561153734
7341541483
6241828743
10009539479
61549847887
14203134931
4284808639
9306259677
6211925758
165129267
14990435153
7260403262
31538940066
34521209995
13922494098
44591968136
37873102374
18138395421
5111273824
25082115568
13695868614
2757082045
39239963040
32330982628
632918517
2038998567
22110026579
3649393349
4041746831
17209386896
16337701985
46057229598
7033764108
9539386234
34194222889
24524196882
8343777010
10695857516
3278569364
1973955575
6864959717
1037489550
16609639067
303348261
7185927458
1298094642
27830047712
10402287044
23858171738
15818607479
17471745948
2651328384
6460662900
5848268263
23540970020
42592995380
20492244321
6272913576
12329786174
13999223981
4554790309
46160534287
36480494273
56786656455
14668304448
12984075005
16332987619
17975895407
42771234715
5485226947
2105978157
36059274340
5468875271
23248433228
1161730214
27817320728
23833560239
9096813817
3651403291
9662870223
2467412482
15007453190
12448486262
7060644871
46289233162
10418698706
38573064154
3285488863
36416893842
5448768130
17103284565
22350169534
23786820914
43996936517
12052532435
5893093898
25808687721
200093290
4153548311
15082994195
24817619261
2076990413
49846131339
29950351774
1894107615
34848754
14989694145
4892424704
16426335514
55509125283
17928514487
29840740046
7151158788
3733127108
13128502875
38049831416
7243121899
41370895118
9205761574
26949774992
9300318558
10057988222
3892109002
37205445026
16879865159
1888525777
45903461855
32222647042
32367254487
34074952520
18345908329
10050115390
1144503811
31721685332
31375759988
12781288247
21470333483
57352787750
6613920668
3044782278
56711625237
15720625511
617238308
23758174381
18423902310
15749514174
6508532984
1008226131
2640299335
12584725509
21536964729
9994782754
7869333605
18613628568
40626703302
54587930620
15410949063
1756466928
5166764191
57235879325
40599428238
8364176994
47631998907
3985254638
5113572723
1136592295
4447735043
10470868674
1989547644
4931852891
18318220136
15523706542
17508188369
64102909433
25179769693
34944101396
10137525945
13473649492
1113229797
34442159313
12798519625
51521047479
29859029321
12047570479
8267284036
3964389050
3316572481
19037708544
7402194133
16106193963
3052465232
21185311394
5475433529
3885239113
277971933
656321616
5468525211
7297912372
6128908835
1734231513
25935413864
43253252535
16349435242
4582077152
33108943277
24562381123
36894335993
41901843634
23634224529
49871113264
16076852102
8850672088
21023043158
9697622603
5262040060
22308640554
414390490
16201844829
2567974780
24755015793
41840862650
33466981250
161731619
43400764203
28844349399
14020084051
83792758
31378418365
2202453095
21207902688
8932967062
7632562998
1127021565
29652725758
58056500420
1759649485
54897084482
54467033608
1831863585
13090955804
40899662867
9180332317
842698982
13769325476
30803755245
482802179
1143227167
9224210950
413783102
9510346138
3965751053
15087903719
2093522804
31896690651
18785151962
19918296408
11651608927
30422932197
3695398375
25030656778
5663878146
1182117866
27582554308
52762927
49265637
1565955967
4162938113
37881132492
12187769664
2432051418
36307691393
21495072693
7674023762
34764839322
31696400514
12607640379
13002288793
9575972915
2858993777
17431626728
21324967364
9675345120
7152500184
17230057801
3428222728
7350778584
33584948728
19640593601
15737740584
32148426257
1083274117
28856455301
14015113227
2564169061
7757600607
13494028761
11761866405
38820057714
3274855022
21136753373
16489312520
7380708115
18961669929
22985615357
54983070698
63538377787
49920455723
24033943261
28838404118
2575144209
10226814239
26532417570
42676502230
562720242
53251279624
53653748615
6835343042
14920222046
37656849436
1594535690
54580624840
18017975909
7668802823
8721459676
21772262462
7747444928
7307512858
75189491
35665795108
15952713376
38946768520
6718565104
14623848447
17640511546
7411565947
976451153
47668080103
37332244101
10759051869
1920468599
18272689305
24373639955
10958254202
35320405886
49500486681
34361596754
6004673228
22946153726
1843588754
8687281652
30304862899
5507622210
38875581047
7965673552
22078677452
38130010576
38299733268
38155942920
53653200401
19241328128
10604387798
3130583456
7960469704
3173531051
1677839088
11129169815
431730497
4953620938
16932353655
43899914576
34482642311
50389275279
23619128893
8699245159
39652264801
4997339434
16325484454
9917823074
12074140689
27858988276
12362316098
3269617258
8598566932
3239938488
7966159586
37199256679
16669205441
7870878732
1362174747
36171551754
22091287502
4193115172
4791475976
7434828038
2786537695
378940434
40926136535
48331926374
27920037425
13837417099
5635922219
34030442995
6123961290
21067376965
25761878320
9033854638
4019546912
35853959466
336489712
15424321917
18469625859
8035067471
40920001426
42325644059
11784561781
8930172177
27301221826
5098697410
23102178804
14492510604
6873442829
10874668402
500232990
43545129380
51071389624
19335450607
21521974811
14846371550
37177291390
14300325610
13254133290
15291012356
54129368
1456534198
12977910946
14815377251
15745807576
2652868996
32732542076
9570505626
21440526391
688196788
36420697446
33759171112
3998241592
21920590002
64175983423
3360783934
16243467796
527400422
11298330551
31598838400
30585040990
21402518273
5683747554
26561536655
9223717509
8661720763
21401161317
28428529421
27530651386
11965373381
17909564420
13623494672
23881838568
55979011133
9416768462
29411481380
3944278118
4675763670
17184062193
876098101
36437765460
13220918432
6347102843
15493837884
7415361882
1993413112
21731327410
78345749
6313256224
51287217598
18171688396
13643425965
1677887503
3909196778
6330907809
59987244485
922227058
2804338519
12761088956
15123711829
3149918125
27537140735
15872963482
10837754251
6662022287
23444093069
43111397607
7561949265
5814441898
24957206245
14973271629
16532577475
2609856371
4716745300
19521794962
11407153405
12921736924
8645486578
52860350117
25523701220
22287046759
11794864095
100154586
6643221615
14772288616
45264032882
58114643789
6488906521
85385978
1174882266
13056410815
6868079269
41872639221
9360141276
2270774844
3997715254
4115664776
38322391690
11722634465
1857910326
32109848078
5287754816
10765418041
2660358183
18890813322
1806460139
1934257252
32165912169
17997994198
423046891
8736648434
23241109638
12978206843
1180847238
25557341679
654795629
6506885617
25769978617
13357099959
7710034692
3483913158
3766149771
10623661657
8382991638
4232256190
28745151739
6811882018
35743715148
6237445470
36856709380
2592718001
7806133034
8581753035
30077285951
2402700923
20551367479
26830524937
19902527164
14117883522
46044677418
1650377700
10917361841
10581419414
25344410808
4605723166
7988115307
2036347799
2870333944
2066021333
20630928189
1210195781
12376123978
1179731404
1754982265
1416135351
28964495573
12804488109
3603791928
15375158895
32332488402
10756817894
1722467175
378367298
7947367740
3598916760
611056783
26582283084
7944832703
34943830818
46209645172
4222416723
42146282736
58973996729
52608179533
38798067393
8951560400
18935147146
9376104530
593694233
47682335249
38564544816
26060451496
8800986357
2588088540
1669092130
9196122097
20916264992
14720895250
1817039519
9348909421
6273396508
27486448274
7731637410
22172849872
2885374666
9712761678
385180786
17794406917
37241227087
56317994401
4995002089
47230330450
2096312499
11142459709
236659170
17600315697
19616897001
6253090468
2943280951
3423706584
22240552535
44133587103
5270407988
4976827611
17259987531
8374046806
871471238
3831527999
19803022527
9932090812
3551071932
8770919424
28243178276
2276283333
30761805545
36045409325
19595060830
42098875660
2700043052
6917656206
30528015815
24693680656
10319619850
170264242
10113946910
2578159550
5515656822
40119917766
1701757397
12852643953
3599547831
35667842992
2168610467
25264793894
8467419978
43287487545
4727091280
5328265895
8760122072
14471598471
4711274326
1906807677
18562988359
5175451969
8440957417
2605054032
50022279002
3447945230
5438305218
61221631039
10191980629
930571282
4486702132
1085000439
60536964009
9786004830
5866883561
4496598206
21529154595
7168241963
300208054
1493830394
2647941010
7452355846
16537214930
9362625990
525554876
3015722055
1411725567
43729964825
38973591392
1731375902
7463498755
28203009439
6739101818
25445564143
14132186500
6318998268
38980286044
46364363360
15656687254
1931996834
11874879554
11781631426
224911392
35613866383
1937539320
9056092769
35470823334
10423312523
17825622997
7500049742
35768925655
8653356409
4398437885
5850385696
20973601172
11136949462
705028290
41391557969
52627591580
2774677676
3996919158
1158686160
22343489191
35219693844
46689958621
6524073207
10082956138
15642046729
2553612150
13246906243
51134200579
48635243940
26006717612
11276763443
11041668003
25239644
48455509223
1135287699
13019093184
3514137433
11149978741
16458053984
20938533322
34304300991
13391810514
1805866934
17822402817
10697159464
5731150915
6254636364
28264304629
2820595908
18355097244
13569312390
3729351593
19315461769
16290598975
1078480721
13168655445
5761602798
14741767360
1813418353
29321170132
3766457566
5042608204
2225285443
8616716611
3120768565
9805655231
17872264191
10135829981
15982727753
46604890780
8707949219
43024927238
8181653296
43887078092
591142490
24304589926
37978978328
3353173753
56264889552
7447372366
5370720504
14154217936
5012285949
18900838577
18892130265
4474401321
9935900531
3923751404
10712716873
18437589095
1347781386
20580341166
22064733875
38572615771
3609774879
29935921184
8780734385
20940933005
19927383339
3052698940
6740699727
32101079445
2152619339
17534706601
14840625471
4624944437
17904680511
225551887
14073794246
15180153452
41362584277
24185097522
38034406777
10328496268
51753087364
1351992965
417330779
9040255717
11530867235
46375560572
29711536703
8987495510
28604599557
23938599231
34645871968
40129200885
47033760516
16964332543
17903572293
12866688422
6203455153
26625499198
9409886620
27787010335
25985876313
12095217233
63540919995
15229894432
24536988916
10805419321
4969950554
8508188213
6346954608
21959599357
45480760487
63044277743
34253517623
5141879950
12723235179
24646719938
2560748159
8037267335
4261422071
675678704
3005349806
1081174547
252295192
25244245302
58668671452
1937550552
2659257485
855321677
9862578213
10815840113
1000169113
20385433197
15731547508
6933726066
23945526346
1600676956
377500296
878151664
6478437525
3077814508
6544558123
166785756
1224289908
5566691172
36414320831
9424958346
39636477589
4867120265
1178682269
102404312
4459031014
51213062657
13954278504
23618781946
291109375
53454587617
23045260634
13799095984
12473744244
38749493878
18293074141
7141764957
44459846382
19725377880
33021982194
3835667681
12005292829
30109745930
43509753579
4321432068
18056217937
1744629101
6016513457
29944202035
2848169721
2428595264
13485158410
3918922578
33518797766
45941962700
15623532549
3007674299
1699075884
2717270101
10267276041
17608971053
7716062135
50019520379
37307704325
10930430435
6314628992
1967708123
36184249057
1856914193
7166251632
18983316878
8218699800
35824274502
101179451
8172349596
12111371655
2083223648
12287891394
51188679789
4585038137
18942431008
55916085759
8570599323
3026871656
18962119199
11941635210
573590987
4548426250
45227813444
4467120390
27817736394
41635664121
3806421211
6446741160
51810932395
6879597782
18445964833
10375441044
38000039460
54920948333
1012785565
44376589893
17076632656
27868578344
13521563801
27670119137
22503957152
5143758592
950284655
831706380
2599254076
51513358446
6544404253
37618033271
4349423609
17778006115
58897596637
12231050741
50048666193
45644222995
23192201885
19582985671
8260085507
19036035761
16878928112
7081351277
2080132758
30750239508
22483677559
14376340793
26787171179
1197909017
23948596866
3813890190
1462626246
9611880205
29634829074
6159864383
10419238503
2947221498
42535400475
43645036255
1794625641
23013476212
22919911861
18332930374
9853428536
39520556024
11595838716
26247656790
7938765119
30312504000
34361182975
34038149375
53579460915
38304583678
1949752215
6944470106
26912492465
14191660422
1530140585
44188148418
5045735531
14992698884
37656686985
39395528762
1915973206
35393946565
50514074366
40117089471
348390198
22016028811
5312000704
9172029580
1229356125
148682635
51338971619
25962009480
57528740663
1592811350
17616899440
12162568175
10011738913
31780062059
53756654140
10935333906
2475231361
40738836294
20731745944
8674498273
5413996277
5818432533
946958984
4500978252
10468427959
33630517117
22934953631
6459332101
45317492210
20780017283
47804981071
5913570536
8196467366
9542077264
21660420205
25321089168
13682848537
14422726839
5345528062
22674516258
3858990029
15119672159
35091558359
3795227866
15712244304
30940635385
43606082668
48222056307
14921725553
8060677688
27295219993
5852222536
7662461595
21582647941
48598956765
22616023893
12451535986
12024767998
1428214067
7556517664
32517349650
38797999801
10388184621
5146227118
44768664442
33643608372
44138848698
13065321817
3957166295
1617414212
33303856335
4523907698
39209728128
8677213324
11902581952
7861316045
5866886000
35011423761
936246825
3681590733
55107436908
59929762239
1768949992
5460290352
36771416698
26249094409
4844149657
14380020555
3905303025
20352715337
51314157389
39074965932
2306183799
3052182556
24855893163
43347908892
25636202117
23213396317
9534760026
1839010596
30871189488
5915076292
23703516379
2173222510
12884655680
46954006247
2134250066
5224309744
19906211695
13237024962
22197204714
6143119191
50872806107
8702361617
4974058192
40631289258
855886693
9096255256
15860355432
7721331278
9721622074
9054196700
31116794049
8651985565
6273312911
24362143334
6280251084
10222891594
7896546235
30650829111
36355310867
2917911235
58762832382
3926512548
6224674295
274545970
34543022057
12684442053
430653118
40830026020
9993854274
19983249019
23470423220
19587133645
14241961955
2765006248
940729687
5295397219
13423009763
2721028988
50887224011
4438490193
20986786698
11350355696
5215309187
4622025906
7992857748
5559044668
31735199659
39789038017
15498036033
20329692489
7729028150
8573807543
17814228674
9506878929
16507519784
8986379386
44955502359
37028237592
27177693604
